Namespace(criterion_method='armijo', eps=1e-06, func_name='extended_rosenbrock', init_alpha=0.5, m=100, max_iters=10000.0, opt_method='fr', rho=0.0001, sigma=0.9, stepsize_method='interpolate22')
12/29 12:38:17 AM ***** Final Results *****
12/29 12:38:17 AM    迭代次数(ite): 9999
12/29 12:38:17 AM    函数调用次数(feva): 166992
12/29 12:38:17 AM    迭代点的 x 值: [[6.4991243e-02 0.0000000e+00 8.3016598e-01 3.1320543e-03 8.6621821e-01
  0.0000000e+00 8.6621821e-01 6.8822247e-01 8.6621821e-01 5.1030752e-06
  9.1261142e-01 7.5434411e-01 9.1261142e-01 0.0000000e+00 9.1261142e-01
  7.5434411e-01 9.1261142e-01 4.7309786e-01 9.1261142e-01 7.5434411e-01
  9.1261142e-01 6.8030659e-12 9.1261142e-01 8.3153194e-01 9.8586661e-01
  5.6441015e-01 9.8586661e-01 8.3153194e-01 9.8586661e-01 0.0000000e+00
  9.8586661e-01 8.3153194e-01 9.8586661e-01 5.6441015e-01 9.8586661e-01
  8.3153194e-01 9.8586661e-01 2.2351922e-01 9.8586661e-01 8.3153194e-01
  9.8586661e-01 5.6441015e-01 9.8586661e-01 8.3153194e-01 9.8586661e-01
  4.2151741e-24 9.8586661e-01 8.3153194e-01 9.8586661e-01 6.9199961e-01
  9.9999076e-01 9.7187591e-01 9.9999076e-01 3.1991288e-01 9.9999076e-01
  9.7187591e-01 9.9999076e-01 6.9199961e-01 9.9999076e-01 9.7187591e-01
  9.9999076e-01 0.0000000e+00 9.9999076e-01 9.7187591e-01 9.9999076e-01
  6.9199961e-01 9.9999076e-01 9.7187591e-01 9.9999076e-01 3.1991288e-01
  9.9999076e-01 9.7187591e-01 9.9999076e-01 6.9199961e-01 9.9999076e-01
  9.7187591e-01 9.9999076e-01 4.9848173e-02 9.9999076e-01 9.7187591e-01
  9.9999076e-01 6.9199961e-01 9.9999076e-01 9.7187591e-01 9.9999076e-01
  3.1991288e-01 9.9999076e-01 9.7187591e-01 9.9999076e-01 6.9199961e-01
  9.9999076e-01 9.7187591e-01 9.9999076e-01 2.3366094e-37 9.9999076e-01
  9.7187591e-01 9.9999076e-01 6.9199961e-01 9.9999076e-01 9.7187591e-01]], 函数值: 1.0263274
12/29 12:38:17 AM    最优函数值: 0
12/29 12:38:17 AM    |f(xk) - f(x*)|: 1.02632737159729
12/29 12:38:17 AM    ||g_k||: 5.8774242
12/29 12:38:17 AM    CPU时间（ms）: 53.262634000000006
